# timecode format v2
0
33
67
100
133
167
200
234
267
300
334
367
400
434
467
501
534
567
601
634
667
701
734
767
801
834
868
901
934
968
1001
1034
1068
1101
1134
1168
1201
1235
1268
1301
1335
1368
1401
1435
1468
1502
1535
1568
1602
1635
1668
1702
1735
1768
1802
1835
1869
1902
1935
1969
2002
2035
2069
2102
2135
2169
2202
2236
2269
2302
2336
2369
2402
2436
2469
2503
2536
2569
2603
2636
2669
2703
2736
2769
2803
2836
2870
2903
2936
2970
3003
3036
3070
3103
3136
3170
3203
3237
3270
3303
3337
3370
3403
3437
3470
3504
3537
3570
3604
3637
3670
3704
3737
3770
3804
3837
3871
3904
3937
3971
4004
4037
4071
4104
4137
4171
4204
4238
4271
4304
4338
4371
4404
4438
4471
4505
4538
4571
4605
4638
4671
4705
4738
4771
4805
4838
4872
4905
4938
4972
5005
5038
5072
5105
5138
5172
5205
5239
5272
5305
5339
5372
5405
5439
5472
5506
5539
5572
5606
5639
5672
5706
5739
5772
5806
5839
5873
5906
5939
5973
6006
6039
6073
6106
6139
6173
6206
6240
6273
6306
6340
6373
6406
6440
6473
6507
6540
6573
6607
6640
6673
6707
6740
6773
6807
6840
6874
6907
6940
6974
7007
7040
7074
7107
7140
7174
7207
7241
7274
7307
7341
7374
7407
7441
7474
7508
7541
7574
7608
7641
7674
7708
7741
7774
7808
7841
7875
7908
7941
7975
8008
8041
8075
8108
8141
8175
8208
8242
8275
8308
8342
8375
8408
8442
8475
8509
8542
8575
8609
8642
8675
8709
8742
8775
8809
8842
8876
8909
8942
8976
9009
9042
9076
9109
9142
9176
9209
9243
9276
9309
9343
9376
9409
9443
9476
9510
9543
9576
9610
9643
9676
9710
9743
9776
9810
9843
9877
9910
9943
9977
10010
10043
10077
10110
10143
10177
10210
10244
10277
10310
10344
10377
10410
10444
10477
10511
10544
10577
10611
10644
10677
10711
10744
10777
10811
10844
10878
10911
10944
10978
11011
11044
11078
11111
11144
11178
11211
11245
11278
11311
11345
11378
11411
11445
11478
11512
11545
11578
11612
11645
11678
11712
11745
11778
11812
11845
11879
11912
11945
11979
12012
12045
12079
12112
12145
12179
12212
12246
12279
12312
12346
12379
12412
12446
12479
12513
12546
12579
12613
12646
12679
12713
12746
12779
12813
12846
12880
12913
12946
12980
13013
13046
13080
13113
13146
13180
13213
13247
13280
13313
13347
13380
13413
13447
13480
13514
13547
13580
13614
13647
13680
13714
13747
13780
13814
13847
13881
13914
13947
13981
14014
14047
14081
14114
14147
14181
14214
14248
14281
14314
14348
14381
14414
14448
14481
14515
14548
14581
14615
14648
14681
14715
14748
14781
14815
14848
14882
14915
14948
14982
15015
15048
15082
15115
15148
15182
15215
15249
15282
15315
15349
15382
15415
15449
15482
15516
15549
15582
15616
15649
15682
15716
15749
15782
15816
15849
15883
15916
15949
15983
16016
16049
16083
16116
16149
16183
16216
16250
16283
16316
16350
16383
16416
16450
16483
16517
16550
16583
16617
16650
16683
16717
16750
16783
16817
16850
16884
16917
16950
16984
17017
17050
17084
17117
17150
17184
17217
17251
17284
17317
17351
17384
17417
17451
17484
17518
17551
17584
17618
17651
17684
17718
17751
17784
17818
17851
17885
17918
17951
17985
18018
18051
18085
18118
18151
18185
18218
18252
18285
18318
18352
18385
18418
18452
18485
18519
18552
18585
18619
18652
18685
18719
18752
18785
18819
18852
18886
18919
18952
18986
19019
19052
19086
19119
19152
19186
19219
19253
19286
19319
19353
19386
19419
19453
19486
19520
19553
19586
19620
19653
19686
19720
19753
19786
19820
19853
19887
19920
19953
19987
20020
20053
20087
20120
20153
20187
20220
20254
20287
20320
20354
20387
20420
20454
20487
20521
20554
20587
20621
20654
20687
20721
20754
20787
20821
20854
20888
20921
20954
20988
21021
21054
21088
21121
21154
21188
21221
21255
21288
21321
21355
21388
21421
21455
21488
21522
21555
21588
21622
21655
21688
21722
21755
21788
21822
21855
21889
21922
21955
21989
22022
22055
22089
22122
22155
22189
22222
22256
22289
22322
22356
22389
22422
22456
22489
22523
22556
22589
22623
22656
22689
22723
22756
22789
22823
22856
22890
22923
22956
22990
23023
23056
23090
23123
23156
23190
23223
23257
23290
23323
23357
23390
23423
23457
23490
23524
23557
23590
23624
23657
23690
23724
23757
23790
23824
23857
23891
23924
23957
23991
24024
24057
24091
24124
24157
24191
24224
24258
24291
24324
24358
24391
24424
24458
24491
24525
24558
24591
24625
24658
24691
24725
24758
24791
24825
24858
24892
24925
24958
24992
25025
25058
25092
25125
25158
25192
25225
25259
25292
25325
25359
25392
25425
25459
25492
25526
25559
25592
25626
25659
25692
25726
25759
25792
25826
25859
25893
25926
25959
25993
26026
26059
26093
26126
26159
26193
26226
26260
26293
26326
26360
26393
26426
26460
26493
26527
26560
26593
26627
26660
26693
26727
26760
26793
26827
26860
26894
26927
26960
26994
27027
27060
27094
27127
27160
27194
27227
27261
27294
27327
27361
27394
27427
27461
27494
27528
27561
27594
27628
27661
27694
27728
27761
27794
27828
27861
27895
27928
27961
27995
28028
28061
28095
28128
28161
28195
28228
28262
28295
28328
28362
28395
28428
28462
28495
28529
28562
28595
28629
28662
28695
28729
28762
28795
28829
28862
28896
28929
28962
28996
29029
29062
29096
29129
29162
29196
29229
29263
29296
29329
29363
29396
29429
29463
29496
29530
29563
29596
29630
29663
29696
29730
29763
29796
29830
29863
29897
29930
29963
29997
30030
30063
30097
30130
30163
30197
30230
30264
30297
30330
30364
30397
30430
30464
30497
30531
30564
30597
30631
30664
30697
30731
30764
30797
30831
30864
30898
30931
30964
30998
31031
31064
31098
31131
31164
31198
31231
31265
31298
31331
31365
31398
31431
31465
31498
31532
31565
31598
31632
31665
31698
31732
31765
31798
31832
31865
31899
31932
31965
31999
32032
32065
32099
32132
32165
32199
32232
32266
32299
32332
32366
32399
32432
32466
32499
32533
32566
32599
32633
32666
32699
32733
32766
32799
32833
32866
32900
32933
32966
33000
33033
33066
33100
33133
33166
33200
33233
33267
33300
33333
33367
33400
33433
33467
33500
33534
33567
33600
33634
33667
33700
33734
33767
33800
33834
33867
33901
33934
33967
34001
34034
34067
34101
34134
34167
34201
34234
34268
34301
34334
34368
34401
34434
34468
34501
34535
34568
34601
34635
34668
34701
34735
34768
34801
34835
34868
34902
34935
34968
35002
35035
35068
35102
35135
35168
35202
35235
35269
35302
35335
35369
35402
35435
35469
35502
35536
35569
35602
35636
35669
35702
35736
35769
35802
35836
35869
35903
35936
35969
36003
36036
36069
36103
36136
36169
36203
36236
36270
36303
36336
36370
36403
36436
36470
36503
36537
36570
36603
36637
36670
36703
36737
36770
36803
36837
36870
36904
36937
36970
37004
37037
37070
37104
37137
37170
37204
37237
37271
37304
37337
37371
37404
37437
37471
37504
37538
37571
37604
37638
37671
37704
37738
37771
37804
37838
37871
37905
37938
37971
38005
38038
38071
38105
38138
38171
38205
38238
38272
38305
38338
38372
38405
38438
38472
38505
38539
38572
38605
38639
38672
38705
38739
38772
38805
38839
38872
38906
38939
38972
39006
39039
39072
39106
39139
39172
39206
39239
39273
39306
39339
39373
39406
39439
39473
39506
39540
39573
39606
39640
39673
39706
39740
39773
39806
39840
39873
39907
39940
39973
40007
40040
40073
40107
40140
40173
40207
40240
40274
40307
40340
40374
40407
40440
40474
40507
40541
40574
40607
40641
40674
40707
40741
40774
40807
40841
40874
40908
40941
40974
41008
41041
41074
41108
41141
41174
41208
41241
41275
41308
41341
41375
41408
41441
41475
41508
41542
41575
41608
41642
41675
41708
41742
41775
41808
41842
41875
41909
41942
41975
42009
42042
42075
42109
42142
42175
42209
42242
42276
42309
42342
42376
42409
42442
42476
42509
42543
42576
42609
42643
42676
42709
42743
42776
42809
42843
42876
42910
42943
42976
43010
43043
43076
43110
43143
43176
43210
43243
43277
43310
43343
43377
43410
43443
43477
43510
43544
43577
43610
43644
43677
43710
43744
43777
43810
43844
43877
43911
43944
43977
44011
44044
44077
44111
44144
44177
44211
44244
44278
44311
44344
44378
44411
44444
44478
44511
44545
44578
44611
44645
44678
44711
44745
44778
44811
44845
44878
44912
44945
44978
45012
45045
45078
45112
45145
45178
45212
45245
45279
45312
45345
45379
45412
45445
45479
45512
45546
45579
45612
45646
45679
45712
45746
45779
45812
45846
45879
45913
45946
45979
46013
46046
46079
46113
46146
46179
46213
46246
46280
46313
46346
46380
46413
46446
46480
46513
46547
46580
46613
46647
46680
46713
46747
46780
46813
46847
46880
46914
46947
46980
47014
47047
47080
47114
47147
47180
47214
47247
47281
47314
47347
47381
47414
47447
47481
47514
47548
47581
47614
47648
47681
47714
47748
47781
47814
47848
47881
47915
47948
47981
48015
48048
48081
48115
48148
48181
48215
48248
48282
48315
48348
48382
48415
48448
48482
48515
48549
48582
48615
48649
48682
48715
48749
48782
48815
48849
48882
48916
48949
48982
49016
49049
49082
49116
49149
49182
49216
49249
49283
49316
49349
49383
49416
49449
49483
49516
49550
49583
49616
49650
49683
49716
49750
49783
49816
49850
49883
49917
49950
49983
50017
50050
50083
50117
50150
50183
50217
50250
50284
50317
50350
50384
50417
50450
50484
50517
50551
50584
50617
50651
50684
50717
50751
50784
50817
50851
50884
50918
50951
50984
51018
51051
51084
51118
51151
51184
51218
51251
51285
51318
51351
51385
51418
51451
51485
51518
51552
51585
51618
51652
51685
51718
51752
51785
51818
51852
51885
51919
51952
51985
52019
52052
52085
52119
52152
52185
52219
52252
52286
52319
52352
52386
52419
52452
52486
52519
52553
52586
52619
52653
52686
52719
52753
52786
52819
52853
52886
52920
52953
52986
53020
53053
53086
53120
53153
53186
53220
53253
53287
53320
53353
53387
53420
53453
53487
53520
53554
53587
53620
53654
53687
53720
53754
53787
53820
53854
53887
53921
53954
53987
54021
54054
54087
54121
54154
54187
54221
54254
54288
54321
54354
54388
54421
54454
54488
54521
54555
54588
54621
54655
54688
54721
54755
54788
54821
54855
54888
54922
54955
54988
55022
55055
55088
55122
55155
55188
55222
55255
55289
55322
55355
55389
55422
55455
55489
55522
55556
55589
55622
55656
55689
55722
55756
55789
55822
55856
55889
55923
55956
55989
56023
56056
56089
56123
56156
56189
56223
56256
56290
56323
56356
56390
56423
56456
56490
56523
56557
56590
56623
56657
56690
56723
56757
56790
56823
56857
56890
56924
56957
56990
57024
57057
57090
57124
57157
57190
57224
57257
57291
57324
57357
57391
57424
57457
57491
57524
57558
57591
57624
57658
57691
57724
57758
57791
57824
57858
57891
57925
57958
57991
58025
58058
58091
58125
58158
58191
58225
58258
58292
58325
58358
58392
58425
58458
58492
58525
58559
58592
58625
58659
58692
58725
58759
58792
58825
58859
58892
58926
58959
58992
59026
59059
59092
59126
59159
59192
59226
59259
59293
59326
59359
59393
59426
59459
59493
59526
59560
59593
59626
59660
59693
59726
59760
59793
59826
59860
59893
59927
59960
59993
60027
60060
60093
60127
60160
60193
60227
60260
60294
60327
60360
60394
60427
60460
60494
60527
60561
60594
60627
60661
60694
60727
60761
60794
60827
60861
60894
60928
60961
60994
61028
61061
61094
61128
61161
61194
61228
61261
61295
61328
61361
61395
61428
61461
61495
61528
61562
61595
61628
61662
61695
61728
61762
61795
61828
61862
61895
61929
61962
61995
62029
62062
62095
62129
62162
62195
62229
62262
62296
62329
62362
62396
62429
62462
62496
62529
62563
62596
62629
62663
62696
62729
62763
62796
62829
62863
62896
62930
62963
62996
63030
63063
63096
63130
63163
63196
63230
63263
63297
63330
63363
63397
63430
63463
63497
63530
63564
63597
63630
63664
63697
63730
63764
63797
63830
63864
63897
63931
63964
63997
64031
64064
64097
64131
64164
64197
64231
64264
64298
64331
64364
64398
64431
64464
64498
64531
64565
64598
64631
64665
64698
64731
64765
64798
64831
64865
64898
64932
64965
64998
65032
65065
65098
65132
65165
65198
65232
65265
65299
65332
65365
65399
65432
65465
65499
65532
65566
65599
65632
65666
65699
65732
65766
65799
65832
65866
65899
65933
65966
65999
66033
66066
66099
66133
66166
66199
66233
66266
66300
66333
66366
66400
66433
66466
66500
66533
66567
66600
66633
66667
66700
66733
66767
66800
66833
66867
66900
66934
66967
67000
67034
67067
67100
67134
67167
67200
67234
67267
67301
67334
67367
67401
67434
67467
67501
67534
67568
67601
67634
67668
67701
67734
67768
67801
67834
67868
67901
67935
67968
68001
68035
68068
68101
68135
68168
68201
68235
68268
68302
68335
68368
68402
68435
68468
68502
68535
68569
68602
68635
68669
68702
68735
68769
68802
68835
68869
68902
68936
68969
69002
69036
69069
69102
69136
69169
69202
69236
69269
69303
69336
69369
69403
69436
69469
69503
69536
69570
69603
69636
69670
69703
69736
69770
69803
69836
69870
69903
69937
69970
70003
70037
70070
70103
70137
70170
70203
70237
70270
70304
70337
70370
70404
70437
70470
70504
70537
70571
70604
70637
70671
70704
70737
70771
70804
70837
70871
70904
70938
70971
71004
71038
71071
71104
71138
71171
71204
71238
71271
71305
71338
71371
71405
71438
71471
71505
71538
71572
71605
71638
71672
71705
71738
71772
71805
71838
71872
71905
71939
71972
72005
72039
72072
72105
72139
72172
72205
72239
72272
72306
72339
72372
72406
72439
72472
72506
72539
72573
72606
72639
72673
72706
72739
72773
72806
72839
72873
72906
72940
72973
73006
73040
73073
73106
73140
73173
73206
73240
73273
73307
73340
73373
73407
73440
73473
73507
73540
73574
73607
73640
73674
73707
73740
73774
73807
73840
73874
73907
73941
73974
74007
74041
74074
74107
74141
74174
74207
74241
74274
74308
74341
74374
74408
74441
74474
74508
74541
74575
74608
74641
74675
74708
74741
74775
74808
74841
74875
74908
74942
74975
75008
75042
75075
75108
75142
75175
75208
75242
75275
75309
75342
75375
75409
75442
75475
75509
75542
75576
75609
75642
75676
75709
75742
75776
75809
75842
75876
75909
75943
75976
76009
76043
76076
76109
76143
76176
76209
76243
76276
76310
76343
76376
76410
76443
76476
76510
76543
76577
76610
76643
76677
76710
76743
76777
76810
76843
76877
76910
76944
76977
77010
77044
77077
77110
77144
77177
77210
77244
77277
77311
77344
77377
77411
77444
77477
77511
77544
77578
77611
77644
77678
77711
77744
77778
77811
77844
77878
77911
77945
77978
78011
78045
78078
78111
78145
78178
78211
78245
78278
78312
78345
78378
78412
78445
78478
78512
78545
78579
78612
78645
78679
78712
78745
78779
78812
78845
78879
78912
78946
78979
79012
79046
79079
79112
79146
79179
79212
79246
79279
79313
79346
79379
79413
79446
79479
79513
79546
79580
79613
79646
79680
79713
79746
79780
79813
79846
79880
79913
79947
79980
80013
80047
80080
80113
80147
80180
80213
80247
80280
80314
80347
80380
80414
80447
80480
80514
80547
80581
80614
80647
80681
80714
80747
80781
80814
80847
80881
80914
80948
80981
81014
81048
81081
81114
81148
81181
81214
81248
81281
81315
81348
81381
81415
81448
81481
81515
81548
81582
81615
81648
81682
81715
81748
81782
81815
81848
81882
81915
81949
81982
82015
82049
82082
82115
82149
82182
82215
82249
82282
82316
82349
82382
82416
82449
82482
82516
82549
82583
82616
82649
82683
82716
82749
82783
82816
82849
82883
82916
82950
82983
83016
83050
83083
83116
83150
83183
83216
83250
83283
83317
83350
83383
83417
83450
83483
83517
83550
83584
83617
83650
83684
83717
83750
83784
83817
83850
83884
83917
83951
83984
84017
84051
84084
84117
84151
84184
84217
84251
84284
84318
84351
84384
84418
84451
84484
84518
84551
84585
84618
84651
84685
84718
84751
84785
84818
84851
84885
84918
84952
84985
85018
85052
85085
85118
85152
85185
85218
85252
85285
85319
85352
85385
85419
85452
85485
85519
85552
85586
85619
85652
85686
85719
85752
85786
85819
85852
85886
85919
85953
85986
86019
86053
86086
86119
86153
86186
86219
86253
86286
86320
86353
86386
86420
86453
86486
86520
86553
86587
86620
86653
86687
86720
86753
86787
86820
86853
86887
86920
86954
86987
87020
87054
87087
87120
87154
87187
87220
87254
87287
87321
87354
87387
87421
87454
87487
87521
87554
87588
87621
87654
87688
87721
87754
87788
87821
87854
87888
87921
87955
87988
88021
88055
88088
88121
88155
88188
88221
88255
88288
88322
88355
88388
88422
88455
88488
88522
88555
88589
88622
88655
88689
88722
88755
88789
88822
88855
88889
88922
88956
88989
89022
89056
89089
89122
89156
89189
89222
89256
89289
89323
89356
89389
89423
89456
89489
89523
89556
89590
89623
89656
89690
89723
89756
89790
89823
89856
89890
89923
89957
89990
90023
90057
90090
90123
90157
90190
90223
90257
90290
90324
90357
90390
90424
90457
90490
90524
90557
90591
90624
90657
90691
90724
90757
90791
90824
90857
90891
90924
90958
90991
91024
91058
91091
91124
91158
91191
91224
91258
91291
91325
91358
91391
91425
91458
91491
91525
91558
91592
91625
91658
91692
91725
91758
91792
91825
91858
91892
91925
91959
91992
92025
92059
92092
92125
92159
92192
92225
92259
92292
92326
92359
92392
92426
92459
92492
92526
92559
92593
92626
92659
92693
92726
92759
92793
92826
92859
92893
92926
92960
92993
93026
93060
93093
93126
93160
93193
93226
93260
93293
93327
93360
93393
93427
93460
93493
93527
93560
93594
93627
93660
93694
93727
93760
93794
93827
93860
93894
93927
93961
93994
94027
94061
94094
94127
94161
94194
94227
94261
94294
94328
94361
94394
94428
94461
94494
94528
94561
94595
94628
94661
94695
94728
94761
94795
94828
94861
94895
94928
94962
94995
95028
95062
95095
95128
95162
95195
95228
95262
95295
95329
95362
95395
95429
95462
95495
95529
95562
95596
95629
95662
95696
95729
95762
95796
95829
95862
95896
95929
95963
95996
96029
96063
96096
96129
96163
96196
96229
96263
96296
96330
96363
96396
96430
96463
96496
96530
96563
96597
96630
96663
96697
96730
96763
96797
96830
96863
96897
96930
96964
96997
97030
97064
97097
97130
97164
97197
97230
97264
97297
97331
97364
97397
97431
97464
97497
97531
97564
97598
97631
97664
97698
97731
97764
97798
97831
97864
97898
97931
97965
97998
98031
98065
98098
98131
98165
98198
98231
98265
98298
98332
98365
98398
98432
98465
98498
98532
98565
98599
98632
98665
98699
98732
98765
98799
98832
98865
98899
98932
98966
98999
99032
99066
99099
99132
99166
99199
99232
99266
99299
99333
99366
99399
99433
99466
99499
99533
99566
99600
99633
99666
99700
99733
99766
99800
99833
99866
99900
99933
99967
100000
100033
100067
100100
100133
100167
100200
100233
100267
100300
100334
100367
100400
100434
100467
100500
100534
100567
100601
100634
100667
100701
100734
100767
100801
100834
100867
100901
100934
100968
101001
101034
101068
101101
101134
101168
101201
101234
101268
101301
101335
101368
101401
101435
101468
101501
101535
101568
101602
101635
101668
101702
101735
101768
101802
101835
101868
101902
101935
101969
102002
102035
102069
102102
102135
102169
102202
102235
102269
102302
102336
102369
102402
102436
102469
102502
102536
102569
102603
102636
102669
102703
102736
102769
102803
102836
102869
102903
102936
102970
103003
103036
103070
103103
103136
103170
103203
103236
103270
103303
103337
103370
103403
103437
103470
103503
103537
103570
103604
103637
103670
103704
103737
103770
103804
103837
103870
103904
103937
103971
104004
104037
104071
104104
104137
104171
104204
104237
104271
104304
104338
104371
104404
104438
104471
104504
104538
104571
104605
104638
104671
104705
104738
104771
104805
104838
104871
104905
104938
104972
105005
105038
105072
105105
105138
105172
105205
105238
105272
105305
105339
105372
105405
105439
105472
105505
105539
105572
105606
105639
105672
105706
105739
105772
105806
105839
105872
105906
105939
105973
106006
106039
106073
106106
106139
106173
106206
106239
106273
106306
106340
106373
106406
106440
106473
106506
106540
106573
106607
106640
106673
106707
106740
106773
106807
106840
106873
106907
106940
106974
107007
107040
107074
107107
107140
107174
107207
107240
107274
107307
107341
107374
107407
107441
107474
107507
107541
107574
107608
107641
107674
107708
107741
107774
107808
107841
107874
107908
107941
107975
108008
108041
108075
108108
108141
108175
108208
108241
108275
108308
108342
108375
108408
108442
108475
108508
108542
108575
108609
108642
108675
108709
108742
108775
108809
108842
108875
108909
108942
108976
109009
109042
109076
109109
109142
109176
109209
109242
109276
109309
109343
109376
109409
109443
109476
109509
109543
109576
109610
109643
109676
109710
109743
109776
109810
109843
109876
109910
109943
109977
110010
110043
110077
110110
110143
110177
110210
110243
110277
110310
110344
110377
110410
110444
110477
110510
110544
110577
110611
110644
110677
110711
110744
110777
110811
110844
110877
110911
110944
110978
111011
111044
111078
111111
111144
111178
111211
111244
111278
111311
111345
111378
111411
111445
111478
111511
111545
111578
111612
111645
111678
111712
111745
111778
111812
111845
111878
111912
111945
111979
112012
112045
112079
112112
112145
112179
112212
112245
112279
112312
112346
112379
112412
112446
112479
112512
112546
112579
112613
112646
112679
112713
112746
112779
112813
112846
112879
112913
112946
112980
113013
113046
113080
113113
113146
113180
113213
113246
113280
113313
113347
113380
113413
113447
113480
113513
113547
113580
113614
113647
113680
113714
113747
113780
113814
113847
113880
113914
113947
113981
114014
114047
114081
114114
114147
114181
114214
114247
114281
114314
114348
114381
114414
114448
114481
114514
114548
114581
114615
114648
114681
114715
114748
114781
114815
114848
114881
114915
114948
114982
115015
115048
115082
115115
115148
115182
115215
115248
115282
115315
115349
115382
115415
115449
115482
115515
115549
115582
115616
115649
115682
115716
115749
115782
115816
115849
115882
115916
115949
115983
116016
116049
116083
116116
116149
116183
116216
116249
116283
116316
116350
116383
116416
116450
116483
116516
116550
116583
116617
116650
116683
116717
116750
116783
116817
116850
116883
116917
116950
116984
117017
117050
117084
117117
117150
117184
117217
117250
117284
117317
117351
117384
117417
117451
117484
117517
117551
117584
117618
117651
117684
117718
117751
117784
117818
117851
117884
117918
117951
117985
118018
118051
118085
118118
118151
118185
118218
118251
118285
118318
118352
118385
118418
118452
118485
118518
118552
118585
118619
118652
118685
118719
118752
118785
118819
118852
118885
118919
118952
118986
119019
119052
119086
119119
119152
119186
119219
119252
119286
119319
119353
119386
119419
119453
119486
119519
119553
119586
119620
119653
119686
119720
119753
119786
119820
119853
119886
119920
119953
119987
120020
120053
120087
120120
120153
120187
120220
120253
120287
120320
120354
120387
120420
120454
120487
120520
120554
120587
120621
120654
120687
120721
120754
120787
120821
120854
120887
120921
120954
120988
121021
121054
121088
121121
121154
121188
121221
121254
121288
121321
121355
121388
121421
121455
121488
121521
121555
121588
121622
121655
121688
121722
121755
121788
121822
121855
121888
121922
121955
121989
122022
122055
122089
122122
122155
122189
122222
122255
122289
122322
122356
122389
122422
122456
122489
122522
122556
122589
122623
122656
122689
122723
122756
122789
122823
122856
122889
122923
122956
122990
123023
123056
123090
123123
123156
123190
123223
123256
123290
123323
123357
123390
123423
123457
123490
123523
123557
123590
123624
123657
123690
123724
123757
123790
123824
123857
123890
123924
123957
123991
124024
124057
124091
124124
124157
124191
124224
124257
124291
124324
124358
124391
124424
124458
124491
124524
124558
124591
124625
124658
124691
124725
124758
124791
124825
124858
124891
124925
124958
124992
125025
125058
125092
125125
125158
125192
125225
125258
125292
125325
125359
125392
125425
125459
125492
125525
125559
125592
125626
125659
125692
125726
125759
125792
125826
125859
125892
125926
125959
125993
126026
126059
126093
126126
126159
126193
126226
126259
126293
126326
126360
126393
126426
126460
126493
126526
126560
126593
126627
126660
126693
126727
126760
126793
126827
126860
126893
126927
126960
126994
127027
127060
127094
127127
127160
127194
127227
127260
127294
127327
127361
127394
127427
127461
127494
127527
127561
127594
127628
127661
127694
127728
127761
127794
127828
127861
127894
127928
127961
127995
128028
128061
128095
128128
128161
128195
128228
128261
128295
128328
128362
128395
128428
128462
128495
128528
128562
128595
128629
128662
128695
128729
128762
128795
128829
128862
128895
128929
128962
128996
129029
129062
129096
129129
129162
129196
129229
129262
129296
129329
129363
129396
129429
129463
129496
129529
129563
129596
129630
129663
129696
129730
129763
129796
129830
129863
129896
129930
129963
129997
130030
130063
130097
130130
130163
130197
130230
130263
130297
130330
130364
130397
130430
130464
130497
130530
130564
130597
130631
130664
130697
130731
130764
130797
130831
130864
130897
130931
130964
130998
131031
131064
131098
131131
131164
131198
131231
131264
131298
131331
131365
131398
131431
131465
131498
131531
131565
131598
131632
131665
131698
131732
131765
131798
131832
131865
131898
131932
131965
131999
132032
132065
132099
132132
132165
132199
132232
132265
132299
132332
132366
132399
132432
132466
132499
132532
132566
132599
132633
132666
132699
132733
132766
132799
132833
132866
132899
132933
132966
133000
133033
133066
133100
133133
133166
133200
133233
133266
133300
133333
133367
133400
133433
133467
133500
133533
133567
133600
133634
133667
133700
133734
133767
133800
133834
133867
133900
133934
133967
134001
134034
134067
134101
134134
134167
134201
134234
134267
134301
134334
134368
134401
134434
134468
134501
134534
134568
134601
134635
134668
134701
134735
134768
134801
134835
134868
134901
134935
134968
135002
135035
135068
135102
135135
135168
135202
135235
135268
135302
135335
135369
135402
135435
135469
135502
135535
135569
135602
135636
135669
135702
135736
135769
135802
135836
135869
135902
135936
135969
136003
136036
136069
136103
136136
136169
136203
136236
136269
136303
136336
136370
136403
136436
136470
136503
136536
136570
136603
136637
136670
136703
136737
136770
136803
136837
136870
136903
136937
136970
137004
137037
137070
137104
137137
137170
137204
137237
137270
137304
137337
137371
137404
137437
137471
137504
137537
137571
137604
137638
137671
137704
137738
137771
137804
137838
137871
137904
137938
137971
138005
138038
138071
138105
138138
138171
138205
138238
138271
138305
138338
138372
138405
138438
138472
138505
138538
138572
138605
138639
138672
138705
138739
138772
138805
138839
138872
138905
138939
138972
139006
139039
139072
139106
139139
139172
139206
139239
139272
139306
139339
139373
139406
139439
139473
139506
139539
139573
139606
139640
139673
139706
139740
139773
139806
139840
139873
139906
139940
139973
140007
140040
140073
140107
140140
140173
140207
140240
140273
140307
140340
140374
140407
140440
140474
140507
140540
140574
140607
140641
140674
140707
140741
140774
140807
140841
140874
140907
140941
140974
141008
141041
141074
141108
141141
141174
141208
141241
141274
141308
141341
141375
141408
141441
141475
141508
141541
141575
141608
141642
141675
141708
141742
141775
141808
141842
141875
141908
141942
141975
142009
142042
142075
142109
142142
142175
142209
142242
142275
142309
142342
142376
142409
142442
142476
142509
142542
142576
142609
142643
142676
142709
142743
142776
142809
142843
142876
142909
142943
142976
143010
143043
143076
143110
143143
143176
143210
143243
143276
143310
143343
143377
143410
143443
143477
143510
143543
143577
143610
143644
143677
143710
143744
143777
143810
143844
143877
143910
143944
143977
144011
144044
144077
144111
144144
144177
144211
144244
144277
144311
144344
144378
144411
144444
144478
144511
144544
144578
144611
144645
144678
144711
144745
144778
144811
144845
144878
144911
144945
144978
145012
145045
145078
145112
145145
145178
145212
145245
145278
145312
145345
145379
145412
145445
145479
145512
145545
145579
145612
145646
145679
145712
145746
145779
145812
145846
145879
145912
145946
145979
146013
146046
146079
146113
146146
146179
146213
146246
146279
146313
146346
146380
146413
146446
146480
146513
146546
146580
146613
146647
146680
146713
146747
146780
146813
146847
146880
146913
146947
146980
147014
147047
147080
147114
147147
147180
147214
147247
147280
147314
147347
147381
147414
147447
147481
147514
147547
147581
147614
147648
147681
147714
147748
147781
147814
147848
147881
147914
147948
147981
148015
148048
148081
148115
148148
148181
148215
148248
148281
148315
148348
148382
148415
148448
148482
148515
148548
148582
148615
148649
148682
148715
148749
148782
148815
148849
148882
148915
148949
148982
149016
149049
149082
149116
149149
149182
149216
149249
149282
149316
149349
149383
149416
149449
149483
149516
149549
149583
149616
149650
149683
149716
149750
149783
149816
149850
149883
149916
149950
149983
150017
150050
150083
150117
150150
150183
150217
150250
150283
150317
150350
150384
150417
150450
150484
150517
150550
150584
150617
150651
150684
150717
150751
150784
150817
150851
150884
150917
150951
150984
151018
151051
151084
151118
151151
151184
151218
151251
151284
151318
151351
151385
151418
151451
151485
151518
151551
151585
151618
151652
151685
151718
151752
151785
151818
151852
151885
151918
151952
151985
152019
152052
152085
152119
152152
152185
152219
152252
152285
152319
152352
152386
152419
152452
152486
152519
152552
152586
152619
152653
152686
152719
152753
152786
152819
152853
152886
152919
152953
152986
153020
153053
153086
153120
153153
153186
153220
153253
153286
153320
153353
153387
153420
153453
153487
153520
153553
153587
153620
153654
153687
153720
153754
153787
153820
153854
153887
153920
153954
153987
154021
154054
154087
154121
154154
154187
154221
154254
154287
154321
154354
154388
154421
154454
154488
154521
154554
154588
154621
154655
154688
154721
154755
154788
154821
154855
154888
154921
154955
154988
155022
155055
155088
155122
155155
155188
155222
155255
155288
155322
155355
155389
155422
155455
155489
155522
155555
155589
155622
155656
155689
155722
155756
155789
155822
155856
155889
155922
155956
155989
156023
156056
156089
156123
156156
156189
156223
156256
156289
156323
156356
156390
156423
156456
156490
156523
156556
156590
156623
156657
156690
156723
156757
156790
156823
156857
156890
156923
156957
156990
157024
157057
157090
157124
157157
157190
157224
157257
157290
157324
157357
157391
157424
157457
157491
157524
157557
157591
157624
157658
157691
157724
157758
157791
157824
157858
157891
157924
157958
157991
158025
158058
158091
158125
158158
158191
158225
158258
158291
158325
158358
158392
158425
158458
158492
158525
158558
158592
158625
158659
158692
158725
158759
158792
158825
158859
158892
158925
158959
158992
159026
159059
159092
159126
159159
159192
159226
159259
159292
159326
159359
159393
159426
159459
159493
159526
159559
159593
159626
159660
159693
159726
159760
159793
159826
159860
159893
159926
159960
159993
160027
160060
160093
160127
160160
160193
160227
160260
160293
160327
160360
160394
160427
160460
160494
160527
160560
160594
160627
160661
160694
160727
160761
160794
160827
160861
160894
160927
160961
160994
161028
161061
161094
161128
161161
161194
161228
161261
161294
161328
161361
161395
161428
161461
161495
161528
161561
161595
161628
161662
161695
161728
161762
161795
161828
161862
161895
161928
161962
161995
162029
162062
162095
162129
162162
162195
162229
162262
162295
162329
162362
162396
162429
162462
162496
162529
162562
162596
162629
162663
162696
162729
162763
162796
162829
162863
162896
162929
162963
162996
163030
163063
163096
163130
163163
163196
163230
163263
163296
163330
163363
163397
163430
163463
163497
163530
163563
163597
163630
163664
163697
163730
163764
163797
163830
163864
163897
163930
163964
163997
164031
164064
164097
164131
164164
164197
164231
164264
164297
164331
164364
164398
164431
164464
164498
164531
164564
164598
164631
164665
164698
164731
164765
164798
164831
164865
164898
164931
164965
164998
165032
165065
165098
165132
165165
165198
165232
165265
165298
165332
165365
165399
165432
165465
165499
165532
165565
165599
165632
165666
165699
165732
165766
165799
165832
165866
165899
165932
165966
165999
166033
166066
166099
166133
166166
166199
166233
166266
166299
166333
166366
166400
166433
166466
166500
166533
166566
166600
166633
166667
166700
166733
166767
166800
166833
166867
166900
166933
166967
167000
167034
167067
167100
167134
167167
167200
167234
167267
167300
167334
167367
167401
167434
167467
167501
167534
167567
167601
167634
167668
167701
167734
167768
167801
167834
167868
167901
167934
167968
168001
168035
168068
168101
168135
168168
168201
168235
168268
168301
168335
168368
168402
168435
168468
168502
168535
168568
168602
168635
168669
168702
168735
168769
168802
168835
168869
168902
168935
168969
169002
169036
169069
169102
169136
169169
169202
169236
169269
169302
169336
169369
169403
169436
169469
169503
169536
169569
169603
169636
169670
169703
169736
169770
169803
169836
169870
169903
169936
169970
170003
170037
170070
170103
170137
170170
170203
170237
170270
170303
170337
170370
170404
170437
170470
170504
170537
170570
170604
170637
170671
170704
170737
170771
170804
170837
170871
170904
170937
170971
171004
171038
171071
171104
171138
171171
171204
171238
171271
171304
171338
171371
171405
171438
171471
171505
171538
171571
171605
171638
171672
171705
171738
171772
171805
171838
171872
171905
171938
171972
172005
172039
172072
172105
172139
172172
172205
172239
172272
172305
172339
172372
172406
172439
172472
172506
172539
172572
172606
172639
172673
172706
172739
172773
172806
172839
172873
172906
172939
172973
173006
173040
173073
173106
173140
173173
173206
173240
173273
173306
173340
173373
173407
173440
173473
173507
173540
173573
173607
173640
173674
173707
173740
173774
173807
173840
173874
173907
173940
173974
174007
174041
174074
174107
174141
174174
174207
174241
174274
174307
174341
174374
174408
174441
174474
174508
174541
174574
174608
174641
174675
174708
174741
174775
174808
174841
174875
174908
174941
174975
175008
175042
175075
175108
175142
175175
175208
175242
175275
175308
175342
175375
175409
175442
175475
175509
175542
175575
175609
175642
175676
175709
175742
175776
175809
175842
175876
175909
175942
175976
176009
176043
176076
176109
176143
176176
176209
176243
176276
176309
176343
176376
176410
176443
176476
176510
176543
176576
176610
176643
176677
176710
176743
176777
176810
176843
176877
176910
176943
176977
177010
177044
177077
177110
177144
177177
177210
177244
177277
177310
177344
177377
177411
177444
177477
177511
177544
177577
177611
177644
177678
177711
177744
177778
177811
177844
177878
177911
177944
177978
178011
178045
178078
178111
178145
178178
178211
178245
178278
178311
178345
178378
178412
178445
178478
178512
178545
178578
178612
178645
178679
178712
178745
178779
178812
178845
178879
178912
178945
178979
179012
179046
179079
179112
179146
179179
179212
179246
179279
179312
179346
179379
179413
179446
179479
179513
179546
179579
179613
179646
179680
179713
179746
179780
179813
179846
179880
179913
179946
179980
180013
180047
180080
180113
180147
180180
180213
180247
180280
180313
180347
180380
180414
180447
180480
180514
180547
180580
180614
180647
180681
180714
180747
180781
180814
180847
180881
180914
180947
180981
181014
181048
181081
181114
181148
181181
181214
181248
181281
181314
181348
181381
181415
181448
181481
181515
181548
181581
181615
181648
181682
181715
181748
181782
181815
181848
181882
181915
181948
181982
182015
182049
182082
182115
182149
182182
182215
182249
182282
182315
182349
182382
182416
182449
182482
182516
182549
182582
182616
182649
182683
182716
182749
182783
182816
182849
182883
182916
182949
182983
183016
183050
183083
183116
183150
183183
183216
183250
183283
183316
183350
183383
183417
183450
183483
183517
183550
183583
183617
183650
183684
183717
183750
183784
183817
183850
183884
183917
183950
183984
184017
184051
184084
184117
184151
184184
184217
184251
184284
184317
184351
184384
184418
184451
184484
184518
184551
184584
184618
184651
184685
184718
184751
184785
184818
184851
184885
184918
184951
184985
185018
185052
185085
185118
185152
185185
185218
185252
185285
185318
185352
185385
185419
185452
185485
185519
185552
185585
185619
185652
185686
185719
185752
185786
185819
185852
185886
185919
185952
185986
186019
186053
186086
186119
186153
186186
186219
186253
186286
186319
186353
186386
186420
186453
186486
186520
186553
186586
186620
186653
186687
186720
186753
186787
186820
186853
186887
186920
186953
186987
187020
187054
187087
187120
187154
187187
187220
187254
187287
187320
187354
187387
187421
187454
187487
187521
187554
187587
187621
187654
187688
187721
187754
187788
187821
187854
187888
187921
187954
187988
188021
188055
188088
188121
188155
188188
188221
188255
188288
188321
188355
188388
188422
188455
188488
188522
188555
188588
188622
188655
188689
188722
188755
188789
188822
188855
188889
188922
188955
188989
189022
189056
189089
189122
189156
189189
189222
189256
189289
189322
189356
189389
189423
189456
189489
189523
189556
189589
189623
189656
189690
189723
189756
189790
189823
189856
189890
189923
189956
189990
190023
190057
190090
190123
190157
190190
190223
190257
190290
190323
190357
190390
190424
190457
190490
190524
190557
190590
190624
190657
190691
190724
190757
190791
190824
190857
190891
190924
190957
190991
191024
191058
191091
191124
191158
191191
191224
191258
191291
191324
191358
191391
191425
191458
