# timecode format v2
0
40
80
120
160
200
240
280
320
360
400
440
480
520
560
600
640
680
720
760
800
840
880
920
960
1000
1040
1080
1120
1160
1200
1240
1280
1320
1360
1400
1440
1480
1520
1560
1600
1640
1680
1720
1760
1800
1840
1880
1920
1960
2000
2040
2080
2120
2160
2200
2240
2280
2320
2360
2400
2440
2480
2520
2560
2600
2640
2680
2720
2760
2800
2840
2880
2920
2960
3000
3040
3080
3120
3160
3200
3240
3280
3320
3360
3400
3440
3480
3520
3560
3600
3640
3680
3720
3760
3800
3840
3880
3920
3960
4000
4040
4080
4120
4160
4200
4240
4280
4320
4360
4400
4440
4480
4520
4560
4600
4640
4680
4720
4760
4800
4840
4880
4920
4960
5000
5040
5080
5120
5160
5200
5240
5280
5320
5360
5400
5440
5480
5520
5560
5600
5640
5680
5720
5760
5800
5840
5880
5920
5960
6000
6040
6080
6120
6160
6200
6240
6280
6320
6360
6400
6440
6480
6520
6560
6600
6640
6680
6720
6760
6800
6840
6880
6920
6960
7000
7040
7080
7120
7160
7200
7240
7280
7320
7360
7400
7440
7480
7520
7560
7600
7640
7680
7720
7760
7800
7840
7880
7920
7960
8000
8040
8080
8120
8160
8200
8240
8280
8320
8360
8400
8440
8480
8520
8560
8600
8640
8680
8720
8760
8800
8840
8880
8920
8960
9000
9040
9080
9120
9160
9200
9240
9280
9320
9360
9400
9440
9480
9520
9560
9600
9640
9680
9720
9760
9800
9840
9880
9920
9960
10000
10040
10080
10120
10160
10200
10240
10280
10320
10360
10400
10440
10480
10520
10560
10600
10640
10680
10720
10760
10800
10840
10880
10920
10960
11000
11040
11080
11120
11160
11200
11240
11280
11320
11360
11400
11440
11480
11520
11560
11600
11640
11680
11720
11760
11800
11840
11880
11920
11960
12000
12040
12080
12120
12160
12200
12240
12280
12320
12360
12400
12440
12480
12520
12560
12600
12640
12680
12720
12760
12800
12840
12880
12920
12960
13000
13040
13080
13120
13160
13200
13240
13280
13320
13360
13400
13440
13480
13520
13560
13600
13640
13680
13720
13760
13800
13840
13880
13920
13960
14000
14040
14080
14120
14160
14200
14240
14280
14320
14360
14400
14440
14480
14520
14560
14600
14640
14680
14720
14760
14800
14840
14880
14920
14960
15000
15040
15080
15120
15160
15200
15240
15280
15320
15360
15400
15440
15480
15520
15560
15600
15640
15680
15720
15760
15800
15840
15880
15920
15960
16000
16040
16080
16120
16160
16200
16240
16280
16320
16360
16400
16440
16480
16520
16560
16600
16640
16680
16720
16760
16800
16840
16880
16920
16960
17000
17040
17080
17120
17160
17200
17240
17280
17320
17360
17400
17440
17480
17520
17560
17600
17640
17680
17720
17760
17800
17840
17880
17920
17960
18000
18040
18080
18120
18160
18200
18240
18280
18320
18360
18400
18440
18480
18520
18560
18600
18640
18680
18720
18760
18800
18840
18880
18920
18960
19000
19040
19080
19120
19160
19200
19240
19280
19320
19360
19400
19440
19480
19520
19560
19600
19640
19680
19720
19760
19800
19840
19880
19920
19960
20000
20040
20080
20120
20160
20200
20240
20280
20320
20360
20400
20440
20480
20520
20560
20600
20640
20680
20720
20760
20800
20840
20880
20920
20960
21000
21040
21080
21120
21160
21200
21240
21280
21320
21360
21400
21440
21480
21520
21560
21600
21640
21680
21720
21760
21800
21840
21880
21920
21960
22000
22040
22080
22120
22160
22200
22240
22280
22320
22360
22400
22440
22480
22520
22560
22600
22640
22680
22720
22760
22800
22840
22880
22920
22960
23000
23040
23080
23120
23160
23200
23240
23280
23320
23360
23400
23440
23480
23520
23560
23600
23640
23680
23720
23760
23800
23840
23880
23920
23960
24000
24040
24080
24120
24160
24200
24240
24280
24320
24360
24400
24440
24480
24520
24560
24600
24640
24680
24720
24760
24800
24840
24880
24920
24960
25000
25040
25080
25120
25160
25200
25240
25280
25320
25360
25400
25440
25480
25520
25560
25600
25640
25680
25720
25760
25800
25840
25880
25920
25960
26000
26040
26080
26120
26160
26200
26240
26280
26320
26360
26400
26440
26480
26520
26560
26600
26640
26680
26720
26760
26800
26840
26880
26920
26960
27000
27040
27080
27120
27160
27200
27240
27280
27320
27360
27400
27440
27480
27520
27560
27600
27640
27680
27720
27760
27800
27840
27880
27920
27960
28000
28040
28080
28120
28160
28200
28240
28280
28320
28360
28400
28440
28480
28520
28560
28600
28640
28680
28720
28760
28800
28840
28880
28920
28960
29000
29040
29080
29120
29160
29200
29240
29280
29320
29360
29400
29440
29480
29520
29560
29600
29640
29680
29720
29760
29800
29840
29880
29920
29960
30000
30040
30080
30120
30160
30200
30240
30280
30320
30360
30400
30440
30480
30520
30560
30600
30640
30680
30720
30760
30800
30840
30880
30920
30960
31000
31040
31080
31120
31160
31200
31240
31280
31320
31360
31400
31440
31480
31520
31560
31600
31640
31680
31720
31760
31800
31840
31880
31920
31960
32000
32040
32080
32120
32160
32200
32240
32280
32320
32360
32400
32440
32480
32520
32560
32600
32640
32680
32720
32760
32800
32840
32880
32920
32960
33000
33040
33080
33120
33160
33200
33240
33280
33320
33360
33400
33440
33480
33520
33560
33600
33640
33680
33720
33760
33800
33840
33880
33920
33960
34000
34040
34080
34120
34160
34200
34240
34280
34320
34360
34400
34440
34480
34520
34560
34600
34640
34680
34720
34760
34800
34840
34880
34920
34960
35000
35040
35080
35120
35160
35200
35240
35280
35320
35360
35400
35440
35480
35520
35560
35600
35640
35680
35720
35760
35800
35840
35880
35920
35960
36000
36040
36080
36120
36160
36200
36240
36280
36320
36360
36400
36440
36480
36520
36560
36600
36640
36680
36720
36760
36800
36840
36880
36920
36960
37000
37040
37080
37120
37160
37200
37240
37280
37320
37360
37400
37440
37480
37520
37560
37600
37640
37680
37720
37760
37800
37840
37880
37920
37960
38000
38040
38080
38120
38160
38200
38240
38280
38320
38360
38400
38440
38480
38520
38560
38600
38640
38680
38720
38760
38800
38840
38880
38920
38960
39000
39040
39080
39120
39160
39200
39240
39280
39320
39360
39400
39440
39480
39520
39560
39600
39640
39680
39720
39760
39800
39840
39880
39920
39960
40000
40040
40080
40120
40160
40200
40240
40280
40320
40360
40400
40440
40480
40520
40560
40600
40640
40680
40720
40760
40800
40840
40880
40920
40960
41000
41040
41080
41120
41160
41200
41240
41280
41320
41360
41400
41440
41480
41520
41560
41600
41640
41680
41720
41760
41800
41840
41880
41920
41960
42000
42040
42080
42120
42160
42200
42240
42280
42320
42360
42400
42440
42480
42520
42560
42600
42640
42680
42720
42760
42800
42840
42880
42920
42960
43000
43040
43080
43120
43160
43200
43240
43280
43320
43360
43400
43440
43480
43520
43560
43600
43640
43680
43720
43760
43800
43840
43880
43920
43960
44000
44040
44080
44120
44160
44200
44240
44280
44320
44360
44400
44440
44480
44520
44560
44600
44640
44680
44720
44760
44800
44840
44880
44920
44960
45000
45040
45080
45120
45160
45200
45240
45280
45320
45360
45400
45440
45480
45520
45560
45600
45640
45680
45720
45760
45800
45840
45880
45920
45960
46000
46040
46080
46120
46160
46200
46240
46280
46320
46360
46400
46440
46480
46520
46560
46600
46640
46680
46720
46760
46800
46840
46880
46920
46960
47000
47040
47080
47120
47160
47200
47240
47280
47320
47360
47400
47440
47480
47520
47560
47600
47640
47680
47720
47760
47800
47840
47880
47920
47960
48000
48040
48080
48120
48160
48200
48240
48280
48320
48360
48400
48440
48480
48520
48560
48600
48640
48680
48720
48760
48800
48840
48880
48920
48960
49000
49040
49080
49120
49160
49200
49240
49280
49320
49360
49400
49440
49480
49520
49560
49600
49640
49680
49720
49760
49800
49840
49880
49920
49960
50000
50040
50080
50120
50160
50200
50240
50280
50320
50360
50400
50440
50480
50520
50560
50600
50640
50680
50720
50760
50800
50840
50880
50920
50960
51000
51040
51080
51120
51160
51200
51240
51280
51320
51360
51400
51440
51480
51520
51560
51600
51640
51680
51720
51760
51800
51840
51880
51920
51960
52000
52040
52080
52120
52160
52200
52240
52280
52320
52360
52400
52440
52480
52520
52560
52600
52640
52680
52720
52760
52800
52840
52880
52920
52960
53000
53040
53080
53120
53160
53200
53240
53280
53320
53360
53400
53440
53480
53520
53560
53600
53640
53680
53720
53760
53800
53840
53880
53920
53960
54000
54040
54080
54120
54160
54200
54240
54280
54320
54360
54400
54440
54480
54520
54560
54600
54640
54680
54720
54760
54800
54840
54880
54920
54960
55000
55040
55080
55120
55160
55200
55240
55280
55320
55360
55400
55440
55480
55520
55560
55600
55640
55680
55720
55760
55800
55840
55880
55920
55960
56000
56040
56080
56120
56160
56200
56240
56280
56320
56360
56400
56440
56480
56520
56560
56600
56640
56680
56720
56760
56800
56840
56880
56920
56960
57000
57040
57080
57120
57160
57200
57240
57280
57320
57360
57400
57440
57480
57520
57560
57600
57640
57680
57720
57760
57800
57840
57880
57920
57960
58000
58040
58080
58120
58160
58200
58240
58280
58320
58360
58400
58440
58480
58520
58560
58600
58640
58680
58720
58760
58800
58840
58880
58920
58960
59000
59040
59080
59120
59160
59200
59240
59280
59320
59360
59400
59440
59480
59520
59560
59600
59640
59680
59720
59760
59800
59840
59880
59920
59960
60000
60040
60080
60120
60160
60200
60240
60280
60320
60360
60400
60440
60480
60520
60560
60600
60640
60680
60720
60760
60800
60840
60880
60920
60960
61000
61040
61080
61120
61160
61200
61240
61280
61320
61360
61400
61440
61480
61520
61560
61600
61640
61680
61720
61760
61800
61840
61880
61920
61960
62000
62040
62080
62120
62160
62200
62240
62280
62320
62360
62400
62440
62480
62520
62560
62600
62640
62680
62720
62760
62800
62840
62880
62920
62960
63000
63040
63080
63120
63160
63200
63240
63280
63320
63360
63400
63440
63480
63520
63560
63600
63640
63680
63720
63760
63800
63840
63880
63920
63960
64000
64040
64080
64120
64160
64200
64240
64280
64320
64360
64400
64440
64480
64520
64560
64600
64640
64680
64720
64760
64800
64840
64880
64920
64960
65000
65040
65080
65120
65160
65200
65240
65280
65320
65360
65400
65440
65480
65520
65560
65600
65640
65680
65720
65760
65800
65840
65880
65920
65960
66000
66040
66080
66120
66160
66200
66240
66280
66320
66360
66400
66440
66480
66520
66560
66600
66640
66680
66720
66760
66800
66840
66880
66920
66960
67000
67040
67080
67120
67160
67200
67240
67280
67320
67360
67400
67440
67480
67520
67560
67600
67640
67680
67720
67760
67800
67840
67880
67920
67960
68000
68040
68080
68120
68160
68200
68240
68280
68320
68360
68400
68440
68480
68520
68560
68600
68640
68680
68720
68760
68800
68840
68880
68920
68960
69000
69040
69080
69120
69160
69200
69240
69280
69320
69360
69400
69440
69480
69520
69560
69600
69640
69680
69720
69760
69800
69840
69880
69920
69960
70000
70040
70080
70120
70160
70200
70240
70280
70320
70360
70400
70440
70480
70520
70560
70600
70640
70680
70720
70760
70800
70840
70880
70920
70960
71000
71040
71080
71120
71160
71200
71240
71280
71320
71360
71400
71440
71480
71520
71560
71600
71640
71680
71720
71760
71800
71840
71880
71920
71960
72000
72040
72080
72120
72160
72200
72240
72280
72320
72360
72400
72440
72480
72520
72560
72600
72640
72680
72720
72760
72800
72840
72880
72920
72960
73000
73040
73080
73120
73160
73200
73240
73280
73320
73360
73400
73440
73480
73520
73560
73600
73640
73680
73720
73760
73800
73840
73880
73920
73960
74000
74040
74080
74120
74160
74200
74240
74280
74320
74360
74400
74440
74480
74520
74560
74600
74640
74680
74720
74760
74800
74840
74880
74920
74960
75000
75040
75080
75120
75160
75200
75240
75280
75320
75360
75400
75440
75480
75520
75560
75600
75640
75680
75720
75760
75800
75840
75880
75920
75960
76000
76040
76080
76120
76160
76200
76240
76280
76320
76360
76400
76440
76480
76520
76560
76600
76640
76680
76720
76760
76800
76840
76880
76920
76960
77000
77040
77080
77120
77160
77200
77240
77280
77320
77360
77400
77440
77480
77520
77560
77600
77640
77680
77720
77760
77800
77840
77880
77920
77960
78000
78040
78080
78120
78160
78200
78240
78280
78320
78360
78400
78440
78480
78520
78560
78600
78640
78680
78720
78760
78800
78840
78880
78920
78960
79000
79040
79080
79120
79160
79200
79240
79280
79320
79360
79400
79440
79480
79520
79560
79600
79640
79680
79720
79760
79800
79840
79880
79920
79960
80000
80040
80080
80120
80160
80200
80240
80280
80320
80360
80400
80440
80480
80520
80560
80600
80640
80680
80720
80760
80800
80840
80880
80920
80960
81000
81040
81080
81120
81160
81200
81240
81280
81320
81360
81400
81440
81480
81520
81560
81600
81640
81680
81720
81760
81800
81840
81880
81920
81960
82000
82040
82080
82120
82160
82200
82240
82280
82320
82360
82400
82440
82480
82520
82560
82600
82640
82680
82720
82760
82800
82840
82880
82920
82960
83000
83040
83080
83120
83160
83200
83240
83280
83320
83360
83400
83440
83480
83520
83560
83600
83640
83680
83720
83760
83800
83840
83880
83920
83960
84000
84040
84080
84120
84160
84200
84240
84280
84320
84360
84400
84440
84480
84520
84560
84600
84640
84680
84720
84760
84800
84840
84880
84920
84960
85000
85040
85080
85120
85160
85200
85240
85280
85320
85360
85400
85440
85480
85520
85560
85600
85640
85680
85720
85760
85800
85840
85880
85920
85960
86000
86040
86080
86120
86160
86200
86240
86280
86320
86360
86400
86440
86480
86520
86560
86600
86640
86680
86720
86760
86800
86840
86880
86920
86960
87000
87040
87080
87120
87160
87200
87240
87280
87320
87360
87400
87440
87480
87520
87560
87600
87640
87680
87720
87760
87800
87840
87880
87920
87960
88000
88040
88080
88120
88160
88200
88240
88280
88320
88360
88400
88440
88480
88520
88560
88600
88640
88680
88720
88760
88800
88840
88880
88920
88960
89000
89040
89080
89120
89160
89200
89240
89280
89320
89360
89400
89440
89480
89520
89560
89600
89640
89680
89720
89760
89800
89840
89880
89920
89960
90000
90040
90080
90120
90160
90200
90240
90280
90320
90360
90400
90440
90480
90520
90560
90600
90640
90680
90720
90760
90800
90840
90880
90920
90960
91000
91040
91080
91120
91160
91200
91240
91280
91320
91360
91400
91440
91480
91520
91560
91600
91640
91680
91720
91760
91800
91840
91880
91920
91960
92000
92040
92080
92120
92160
92200
92240
92280
92320
92360
92400
92440
92480
92520
92560
92600
92640
92680
92720
92760
92800
92840
92880
92920
92960
93000
93040
93080
93120
93160
93200
93240
93280
93320
93360
93400
93440
93480
93520
93560
93600
93640
93680
93720
93760
93800
93840
93880
93920
93960
94000
94040
94080
94120
94160
94200
94240
94280
94320
94360
94400
94440
94480
94520
94560
94600
94640
94680
94720
94760
94800
94840
94880
94920
94960
95000
95040
95080
95120
95160
95200
95240
95280
95320
95360
95400
95440
95480
95520
95560
95600
95640
95680
95720
95760
95800
95840
95880
95920
95960
96000
96040
96080
96120
96160
96200
96240
96280
96320
96360
96400
96440
96480
96520
96560
96600
96640
96680
96720
96760
96800
96840
96880
96920
96960
97000
97040
97080
97120
97160
97200
97240
97280
97320
97360
97400
97440
97480
97520
97560
97600
97640
97680
97720
97760
97800
97840
97880
97920
97960
98000
98040
98080
98120
98160
98200
98240
98280
98320
98360
98400
98440
98480
98520
98560
98600
98640
98680
98720
98760
98800
98840
98880
98920
98960
99000
99040
99080
99120
99160
99200
99240
99280
99320
99360
99400
99440
99480
99520
99560
99600
99640
99680
99720
99760
99800
99840
99880
99920
99960
100000
100040
100080
100120
100160
100200
100240
100280
100320
100360
100400
100440
100480
100520
100560
100600
100640
100680
100720
100760
100800
100840
100880
100920
100960
101000
101040
101080
101120
101160
101200
101240
101280
101320
101360
101400
101440
101480
101520
101560
101600
101640
101680
101720
101760
101800
101840
101880
101920
101960
102000
102040
102080
102120
102160
102200
102240
102280
102320
102360
102400
102440
102480
102520
102560
102600
102640
102680
102720
102760
102800
102840
102880
102920
102960
103000
103040
103080
103120
103160
103200
103240
103280
103320
103360
103400
103440
103480
103520
103560
103600
103640
103680
103720
103760
103800
103840
103880
103920
103960
104000
104040
104080
104120
104160
104200
104240
104280
104320
104360
104400
104440
104480
104520
104560
104600
104640
104680
104720
104760
104800
104840
104880
104920
104960
105000
105040
105080
105120
105160
105200
105240
105280
105320
105360
105400
105440
105480
105520
105560
105600
105640
105680
105720
105760
105800
105840
105880
105920
105960
106000
106040
106080
106120
106160
106200
106240
106280
106320
106360
106400
106440
106480
106520
106560
106600
106640
106680
106720
106760
106800
106840
106880
106920
106960
107000
107040
107080
107120
107160
107200
107240
107280
107320
107360
107400
107440
107480
107520
107560
107600
107640
107680
107720
107760
107800
107840
107880
107920
107960
108000
108040
108080
108120
108160
108200
108240
108280
108320
108360
108400
108440
108480
108520
108560
108600
108640
108680
108720
108760
108800
108840
108880
108920
108960
109000
109040
109080
109120
109160
109200
109240
109280
109320
109360
109400
109440
109480
109520
109560
109600
109640
109680
109720
109760
109800
109840
109880
109920
109960
110000
110040
110080
110120
110160
110200
110240
110280
110320
110360
110400
110440
110480
110520
110560
110600
110640
110680
110720
110760
110800
110840
110880
110920
110960
111000
111040
111080
111120
111160
111200
111240
111280
111320
111360
111400
111440
111480
111520
111560
111600
111640
111680
111720
111760
111800
111840
111880
111920
111960
112000
112040
112080
112120
112160
112200
112240
112280
112320
112360
112400
112440
112480
112520
112560
112600
112640
112680
112720
112760
112800
112840
112880
112920
112960
113000
113040
113080
113120
113160
113200
113240
113280
113320
113360
113400
113440
113480
113520
113560
113600
113640
113680
113720
113760
113800
113840
113880
113920
113960
114000
114040
114080
114120
114160
114200
114240
114280
114320
114360
114400
114440
114480
114520
114560
114600
114640
114680
114720
114760
114800
114840
114880
114920
114960
115000
115040
115080
115120
115160
115200
115240
115280
115320
115360
115400
115440
115480
115520
115560
115600
115640
115680
115720
115760
115800
115840
115880
115920
115960
116000
116040
116080
116120
116160
116200
116240
116280
116320
116360
116400
116440
116480
116520
116560
116600
116640
116680
116720
116760
116800
116840
116880
116920
116960
117000
117040
117080
117120
117160
117200
117240
117280
117320
117360
117400
117440
117480
117520
117560
117600
117640
117680
117720
117760
117800
117840
117880
117920
117960
118000
118040
118080
118120
118160
118200
118240
118280
118320
118360
118400
118440
118480
118520
118560
118600
118640
118680
118720
118760
118800
118840
118880
118920
118960
119000
119040
119080
119120
119160
119200
119240
119280
119320
119360
119400
119440
119480
119520
119560
119600
119640
119680
119720
119760
119800
119840
119880
119920
119960
120000
120040
120080
120120
120160
120200
120240
120280
120320
120360
120400
120440
120480
120520
120560
120600
120640
120680
120720
120760
120800
120840
120880
120920
120960
121000
121040
121080
121120
121160
121200
121240
121280
121320
121360
121400
121440
121480
121520
121560
121600
121640
121680
121720
121760
121800
121840
121880
121920
121960
122000
122040
122080
122120
122160
122200
122240
122280
122320
122360
122400
122440
122480
122520
122560
122600
122640
122680
122720
122760
122800
122840
122880
122920
122960
123000
123040
123080
123120
123160
123200
123240
123280
123320
123360
123400
123440
123480
123520
123560
123600
123640
123680
123720
123760
123800
123840
123880
123920
123960
124000
124040
124080
124120
124160
124200
124240
124280
124320
124360
124400
124440
124480
124520
124560
124600
124640
124680
124720
124760
124800
124840
124880
124920
124960
125000
125040
125080
125120
125160
125200
125240
125280
125320
125360
125400
125440
125480
125520
125560
125600
125640
125680
125720
125760
125800
125840
125880
125920
125960
126000
126040
126080
126120
126160
126200
126240
126280
126320
126360
126400
126440
126480
126520
126560
126600
126640
126680
126720
126760
126800
126840
126880
126920
126960
127000
127040
127080
127120
127160
127200
127240
127280
127320
127360
127400
127440
127480
127520
127560
127600
127640
127680
127720
127760
127800
127840
127880
127920
127960
128000
128040
128080
128120
128160
128200
128240
128280
128320
128360
128400
128440
128480
128520
128560
128600
128640
128680
128720
128760
128800
128840
128880
128920
128960
129000
129040
129080
129120
129160
129200
129240
129280
129320
129360
129400
129440
129480
129520
129560
129600
129640
129680
129720
129760
129800
129840
129880
129920
129960
130000
130040
130080
130120
130160
130200
130240
130280
130320
130360
130400
130440
130480
130520
130560
130600
130640
130680
130720
130760
130800
130840
130880
130920
130960
131000
131040
131080
131120
131160
131200
131240
131280
131320
131360
131400
131440
131480
131520
131560
131600
131640
131680
131720
131760
131800
131840
131880
131920
131960
132000
132040
132080
132120
132160
132200
132240
132280
132320
132360
132400
132440
132480
132520
132560
132600
132640
132680
132720
132760
132800
132840
132880
132920
132960
133000
133040
133080
133120
133160
133200
133240
133280
133320
133360
133400
133440
133480
133520
133560
133600
133640
133680
133720
133760
133800
133840
133880
133920
133960
134000
134040
134080
134120
134160
134200
134240
134280
134320
134360
134400
134440
134480
134520
134560
134600
134640
134680
134720
134760
134800
134840
134880
134920
134960
135000
135040
135080
135120
135160
135200
135240
135280
135320
135360
135400
135440
135480
135520
135560
135600
135640
135680
135720
135760
135800
135840
135880
135920
135960
136000
136040
136080
136120
136160
136200
136240
136280
136320
136360
136400
136440
136480
136520
136560
136600
136640
136680
136720
136760
136800
136840
136880
136920
136960
137000
137040
137080
137120
137160
137200
137240
137280
137320
137360
137400
137440
137480
137520
137560
137600
137640
137680
137720
137760
137800
137840
137880
137920
137960
138000
138040
138080
138120
138160
138200
138240
138280
138320
138360
138400
138440
138480
138520
138560
138600
138640
138680
138720
138760
138800
138840
138880
138920
138960
139000
139040
139080
139120
139160
139200
139240
139280
139320
139360
139400
139440
139480
139520
139560
139600
139640
139680
139720
139760
139800
139840
139880
139920
139960
140000
140040
140080
140120
140160
140200
140240
140280
140320
140360
140400
140440
140480
140520
140560
140600
140640
140680
140720
140760
140800
140840
140880
140920
140960
141000
141040
141080
141120
141160
141200
141240
141280
141320
141360
141400
141440
141480
141520
141560
141600
141640
141680
141720
141760
141800
141840
141880
141920
141960
142000
142040
142080
142120
142160
142200
142240
142280
142320
142360
142400
142440
142480
142520
142560
142600
142640
142680
142720
142760
142800
142840
142880
142920
142960
143000
143040
143080
143120
143160
143200
143240
143280
143320
143360
143400
143440
143480
143520
143560
143600
143640
143680
143720
143760
143800
143840
143880
143920
143960
144000
144040
144080
144120
144160
144200
144240
144280
144320
144360
144400
144440
144480
144520
144560
144600
144640
144680
144720
144760
144800
144840
144880
144920
144960
145000
145040
145080
145120
145160
145200
145240
145280
145320
145360
145400
145440
145480
145520
145560
145600
145640
145680
145720
145760
145800
145840
145880
145920
145960
146000
146040
146080
146120
146160
146200
146240
146280
146320
146360
146400
146440
146480
146520
146560
146600
146640
146680
146720
146760
146800
146840
146880
146920
146960
147000
147040
147080
147120
147160
147200
147240
147280
147320
147360
147400
147440
147480
147520
147560
147600
147640
147680
147720
147760
147800
147840
147880
147920
147960
148000
148040
148080
148120
148160
148200
148240
148280
148320
148360
148400
148440
148480
148520
148560
148600
148640
148680
148720
148760
148800
148840
148880
148920
148960
149000
149040
149080
149120
149160
149200
149240
149280
149320
149360
149400
149440
149480
149520
149560
149600
149640
149680
149720
149760
149800
149840
149880
149920
149960
150000
150040
150080
150120
150160
150200
150240
150280
150320
150360
150400
150440
150480
150520
150560
150600
150640
150680
150720
150760
150800
150840
150880
150920
150960
151000
151040
151080
151120
151160
151200
151240
151280
151320
151360
151400
151440
151480
151520
151560
151600
151640
151680
151720
151760
151800
151840
151880
151920
151960
152000
152040
152080
152120
152160
152200
152240
152280
152320
152360
152400
152440
152480
152520
152560
152600
152640
152680
152720
152760
152800
152840
152880
152920
152960
153000
153040
153080
153120
153160
153200
153240
153280
153320
153360
153400
153440
153480
153520
153560
153600
153640
153680
153720
153760
153800
153840
153880
153920
153960
154000
154040
154080
154120
154160
154200
154240
154280
154320
154360
154400
154440
154480
154520
154560
154600
154640
154680
154720
154760
154800
154840
154880
154920
154960
155000
155040
155080
155120
155160
155200
155240
155280
155320
155360
155400
155440
155480
155520
155560
155600
155640
155680
155720
155760
155800
155840
155880
155920
155960
156000
156040
156080
156120
156160
156200
156240
156280
156320
156360
156400
156440
156480
156520
156560
156600
156640
156680
156720
156760
156800
156840
156880
156920
156960
157000
157040
157080
157120
157160
157200
157240
157280
157320
157360
157400
157440
157480
157520
157560
157600
157640
157680
157720
157760
157800
157840
157880
157920
157960
158000
158040
158080
158120
158160
158200
158240
158280
158320
158360
158400
158440
158480
158520
158560
158600
158640
158680
158720
158760
158800
158840
158880
158920
158960
159000
159040
159080
159120
159160
159200
159240
159280
159320
159360
159400
159440
159480
159520
159560
159600
159640
159680
159720
159760
159800
159840
159880
159920
159960
160000
160040
160080
160120
160160
160200
160240
160280
160320
160360
160400
160440
160480
160520
160560
160600
160640
160680
160720
160760
160800
160840
160880
160920
160960
161000
161040
161080
161120
161160
161200
161240
161280
161320
161360
161400
161440
161480
161520
161560
161600
161640
161680
161720
161760
161800
161840
161880
161920
161960
162000
162040
162080
162120
162160
162200
162240
162280
162320
162360
162400
162440
162480
162520
162560
162600
162640
162680
162720
162760
162800
162840
162880
162920
162960
163000
163040
163080
163120
163160
163200
163240
163280
163320
163360
163400
163440
163480
163520
163560
163600
163640
163680
163720
163760
163800
163840
163880
163920
163960
164000
164040
164080
164120
164160
164200
164240
164280
164320
164360
164400
164440
164480
164520
164560
164600
164640
164680
164720
164760
164800
164840
164880
164920
164960
165000
165040
165080
165120
165160
165200
165240
165280
165320
165360
165400
165440
165480
165520
165560
165600
165640
165680
165720
165760
165800
165840
165880
165920
165960
166000
166040
166080
166120
166160
166200
166240
166280
166320
166360
166400
166440
166480
166520
166560
166600
166640
166680
166720
166760
166800
166840
166880
166920
166960
167000
167040
167080
167120
167160
167200
167240
167280
167320
167360
167400
167440
167480
167520
167560
167600
167640
167680
167720
167760
167800
167840
167880
167920
167960
168000
168040
168080
168120
168160
168200
168240
168280
168320
168360
168400
168440
168480
168520
168560
168600
168640
168680
168720
168760
168800
168840
168880
168920
168960
169000
169040
169080
169120
169160
169200
169240
169280
169320
169360
169400
169440
169480
169520
169560
169600
169640
169680
169720
169760
169800
169840
169880
169920
169960
170000
170040
170080
170120
170160
170200
170240
170280
170320
170360
170400
170440
170480
170520
170560
170600
170640
170680
170720
170760
170800
170840
170880
170920
170960
171000
171040
171080
171120
171160
171200
171240
171280
171320
171360
171400
171440
171480
171520
171560
171600
171640
171680
171720
171760
171800
171840
171880
171920
171960
172000
172040
172080
172120
172160
172200
172240
172280
172320
172360
172400
172440
172480
172520
172560
172600
172640
172680
172720
172760
172800
172840
172880
172920
172960
173000
173040
173080
173120
173160
173200
173240
173280
173320
173360
173400
173440
173480
173520
173560
173600
173640
173680
173720
173760
173800
173840
173880
173920
173960
174000
174040
174080
174120
174160
174200
174240
174280
174320
174360
174400
174440
174480
174520
174560
174600
174640
174680
174720
174760
174800
174840
174880
174920
174960
175000
175040
175080
175120
175160
175200
175240
175280
175320
175360
175400
175440
175480
175520
175560
175600
175640
175680
175720
175760
175800
175840
175880
175920
175960
176000
176040
176080
176120
176160
176200
176240
176280
176320
176360
176400
176440
176480
176520
176560
176600
176640
176680
176720
176760
176800
176840
176880
176920
176960
177000
177040
177080
177120
177160
177200
177240
177280
177320
177360
177400
177440
177480
177520
177560
177600
177640
177680
177720
177760
177800
177840
177880
177920
177960
178000
178040
178080
178120
178160
178200
178240
178280
178320
178360
178400
178440
178480
178520
178560
178600
178640
178680
178720
178760
178800
178840
178880
178920
178960
179000
179040
179080
179120
179160
179200
179240
179280
179320
179360
179400
179440
179480
179520
179560
179600
179640
179680
179720
179760
179800
179840
179880
179920
179960
180000
180040
180080
180120
180160
180200
180240
180280
180320
180360
180400
180440
180480
180520
180560
180600
180640
180680
180720
180760
180800
180840
180880
180920
180960
181000
181040
181080
181120
181160
181200
181240
181280
181320
181360
181400
181440
181480
181520
181560
181600
181640
181680
181720
181760
181800
181840
181880
181920
181960
182000
182040
182080
182120
182160
182200
182240
182280
182320
182360
182400
182440
182480
182520
182560
182600
182640
182680
182720
182760
182800
182840
182880
182920
182960
183000
183040
183080
183120
183160
183200
183240
183280
183320
183360
183400
183440
183480
183520
183560
183600
183640
183680
183720
183760
183800
183840
183880
183920
183960
184000
184040
184080
184120
184160
184200
184240
184280
184320
184360
184400
184440
184480
184520
184560
184600
184640
184680
184720
184760
184800
184840
184880
184920
184960
185000
185040
185080
185120
185160
185200
185240
185280
185320
185360
185400
185440
185480
185520
185560
185600
185640
185680
185720
185760
185800
185840
185880
185920
185960
186000
186040
186080
186120
186160
186200
186240
186280
186320
186360
186400
186440
186480
186520
186560
186600
186640
186680
186720
186760
186800
186840
186880
186920
186960
187000
187040
187080
187120
187160
187200
187240
187280
187320
187360
187400
187440
187480
187520
187560
187600
187640
187680
187720
187760
187800
187840
187880
187920
187960
188000
188040
188080
188120
188160
188200
188240
188280
188320
188360
188400
188440
188480
188520
188560
188600
188640
188680
188720
188760
188800
188840
188880
188920
188960
189000
189040
189080
189120
189160
189200
189240
189280
189320
189360
189400
189440
189480
189520
189560
189600
189640
189680
189720
189760
189800
189840
189880
189920
189960
190000
190040
190080
190120
190160
190200
190240
190280
190320
190360
190400
190440
190480
190520
190560
190600
190640
190680
190720
190760
190800
190840
190880
190920
190960
191000
191040
191080
191120
191160
191200
191240
191280
191320
191360
191400
191440
191480
191520
191560
191600
191640
191680
191720
191760
191800
191840
191880
191920
191960
192000
192040
192080
192120
192160
192200
192240
192280
192320
192360
192400
192440
192480
192520
192560
192600
192640
192680
192720
192760
192800
192840
192880
192920
192960
193000
193040
193080
193120
193160
193200
193240
193280
193320
193360
193400
193440
193480
193520
193560
193600
193640
193680
193720
193760
193800
193840
193880
193920
193960
194000
194040
194080
194120
194160
194200
194240
194280
194320
194360
194400
194440
194480
194520
194560
194600
194640
194680
194720
194760
194800
194840
194880
194920
194960
195000
195040
195080
195120
195160
195200
195240
195280
195320
195360
195400
195440
195480
195520
195560
195600
195640
195680
195720
195760
195800
195840
195880
195920
195960
196000
196040
196080
196120
196160
196200
196240
196280
196320
196360
196400
196440
196480
196520
196560
196600
196640
196680
196720
196760
196800
196840
196880
196920
196960
197000
197040
197080
197120
197160
197200
197240
197280
197320
197360
197400
197440
197480
197520
197560
197600
197640
197680
197720
197760
197800
197840
197880
197920
197960
198000
198040
198080
198120
198160
198200
198240
198280
198320
198360
198400
198440
198480
198520
198560
198600
198640
198680
198720
198760
198800
198840
198880
198920
198960
199000
199040
199080
199120
199160
199200
199240
199280
199320
199360
199400
199440
199480
199520
199560
199600
199640
199680
199720
199760
199800
199840
199880
199920
199960
200000
200040
200080
200120
200160
200200
200240
200280
200320
200360
200400
200440
200480
200520
200560
200600
200640
200680
200720
200760
200800
200840
200880
200920
200960
201000
201040
201080
201120
201160
201200
201240
201280
201320
201360
201400
201440
201480
201520
201560
201600
201640
201680
201720
201760
201800
201840
201880
201920
201960
202000
202040
202080
202120
202160
202200
202240
202280
202320
202360
202400
202440
202480
202520
202560
202600
202640
202680
202720
202760
202800
202840
202880
202920
202960
203000
203040
203080
203120
203160
203200
203240
203280
203320
203360
203400
203440
203480
203520
203560
203600
203640
203680
203720
203760
203800
203840
203880
203920
203960
204000
204040
204080
204120
204160
204200
204240
204280
204320
204360
204400
204440
204480
204520
204560
204600
204640
204680
204720
204760
204800
204840
204880
204920
204960
205000
205040
205080
205120
205160
205200
205240
205280
205320
205360
205400
205440
205480
205520
205560
205600
205640
205680
205720
205760
205800
205840
205880
205920
205960
206000
206040
206080
206120
206160
206200
206240
206280
206320
206360
206400
206440
206480
206520
206560
206600
206640
206680
206720
206760
206800
206840
206880
206920
206960
207000
207040
207080
207120
207160
207200
207240
207280
207320
207360
207400
207440
207480
207520
207560
207600
207640
207680
207720
207760
207800
207840
207880
207920
207960
208000
208040
208080
208120
208160
208200
208240
208280
208320
208360
208400
208440
208480
208520
208560
208600
208640
208680
208720
208760
208800
208840
208880
208920
208960
209000
209040
209080
209120
209160
209200
209240
209280
209320
209360
209400
209440
209480
209520
209560
209600
209640
209680
209720
209760
209800
209840
209880
209920
209960
210000
210040
210080
210120
210160
210200
210240
210280
210320
210360
210400
210440
210480
210520
210560
210600
210640
210680
210720
210760
210800
210840
210880
210920
210960
211000
211040
211080
211120
211160
211200
211240
211280
211320
211360
211400
211440
211480
211520
211560
211600
211640
211680
211720
211760
211800
211840
211880
211920
211960
212000
212040
212080
212120
212160
212200
212240
212280
212320
212360
212400
212440
212480
212520
212560
212600
212640
212680
212720
212760
212800
212840
212880
212920
212960
213000
213040
213080
213120
213160
213200
213240
213280
213320
213360
213400
213440
213480
213520
213560
213600
213640
213680
213720
213760
213800
213840
213880
213920
213960
214000
214040
214080
214120
214160
214200
214240
214280
214320
214360
214400
214440
214480
214520
214560
214600
214640
214680
214720
214760
214800
214840
214880
214920
214960
215000
215040
215080
215120
215160
215200
215240
215280
215320
215360
215400
215440
215480
215520
215560
215600
215640
215680
215720
215760
215800
215840
215880
215920
215960
216000
216040
216080
216120
216160
216200
216240
216280
216320
216360
216400
216440
216480
216520
216560
216600
216640
216680
216720
216760
216800
216840
216880
216920
216960
217000
217040
217080
217120
217160
217200
217240
217280
217320
217360
217400
217440
217480
217520
217560
217600
217640
217680
217720
217760
217800
217840
217880
217920
217960
218000
218040
218080
218120
218160
218200
218240
218280
218320
218360
218400
218440
218480
218520
218560
218600
218640
218680
218720
218760
218800
218840
218880
218920
218960
219000
219040
219080
219120
219160
219200
219240
219280
219320
219360
219400
219440
219480
219520
219560
219600
219640
219680
219720
219760
219800
219840
219880
219920
219960
220000
220040
220080
220120
220160
220200
220240
220280
220320
220360
220400
220440
220480
220520
220560
220600
220640
220680
220720
220760
220800
220840
220880
220920
220960
221000
221040
221080
221120
221160
221200
221240
221280
221320
221360
221400
221440
221480
221520
221560
221600
221640
221680
221720
221760
221800
221840
221880
221920
221960
222000
222040
222080
222120
222160
222200
222240
222280
222320
222360
222400
222440
222480
222520
222560
222600
222640
222680
222720
222760
222800
222840
222880
222920
222960
223000
223040
223080
223120
223160
223200
223240
223280
223320
223360
223400
223440
223480
223520
223560
223600
223640
223680
223720
223760
223800
223840
223880
223920
223960
224000
224040
224080
224120
224160
224200
224240
224280
224320
224360
224400
224440
224480
224520
224560
224600
224640
224680
224720
224760
224800
224840
224880
224920
224960
225000
225040
225080
225120
225160
225200
225240
225280
225320
225360
225400
225440
225480
225520
225560
225600
225640
225680
225720
225760
225800
225840
225880
225920
225960
226000
226040
226080
226120
226160
226200
226240
226280
226320
226360
226400
226440
226480
226520
226560
226600
226640
226680
226720
226760
226800
226840
226880
226920
226960
227000
227040
227080
227120
227160
227200
227240
227280
227320
227360
227400
227440
227480
227520
227560
227600
227640
227680
227720
227760
227800
227840
227880
227920
227960
228000
228040
228080
228120
228160
228200
228240
228280
228320
228360
228400
228440
228480
228520
228560
228600
228640
228680
228720
228760
228800
228840
228880
228920
228960
229000
229040
229080
229120
229160
229200
229240
229280
229320
229360
229400
229440
229480
229520
229560
229600
229640
229680
229720
229760
229800
229840
229880
229920
229960
230000
230040
230080
230120
230160
230200
230240
230280
230320
230360
230400
230440
230480
230520
230560
230600
230640
230680
230720
230760
230800
230840
230880
230920
230960
231000
231040
231080
231120
231160
231200
231240
231280
231320
231360
231400
231440
231480
231520
231560
231600
231640
231680
231720
231760
231800
231840
231880
231920
231960
232000
232040
232080
232120
232160
232200
232240
232280
232320
232360
232400
232440
232480
232520
232560
232600
232640
232680
232720
232760
232800
232840
232880
232920
232960
233000
233040
233080
233120
233160
233200
233240
233280
233320
233360
233400
233440
233480
233520
233560
233600
233640
233680
233720
233760
233800
233840
233880
233920
233960
234000
234040
234080
234120
234160
234200
234240
234280
234320
234360
234400
234440
234480
234520
234560
234600
234640
234680
234720
234760
234800
234840
234880
234920
234960
235000
235040
235080
235120
235160
235200
235240
235280
235320
235360
235400
235440
235480
235520
235560
235600
235640
235680
235720
235760
235800
235840
235880
235920
235960
236000
236040
236080
236120
236160
236200
236240
236280
236320
236360
236400
236440
236480
236520
236560
236600
236640
236680
236720
236760
236800
236840
236880
236920
236960
237000
237040
237080
237120
237160
237200
237240
237280
237320
237360
237400
237440
237480
237520
237560
237600
237640
237680
237720
237760
237800
237840
237880
237920
237960
238000
238040
238080
238120
238160
238200
238240
238280
238320
238360
238400
238440
238480
238520
238560
238600
238640
238680
238720
238760
238800
238840
238880
238920
238960
239000
239040
239080
239120
239160
239200
239240
239280
239320
239360
239400
239440
239480
239520
239560
239600
239640
239680
239720
239760
239800
239840
239880
239920
239960
240000
240040
240080
240120
240160
240200
240240
240280
240320
240360
240400
240440
240480
240520
240560
240600
240640
240680
240720
240760
240800
240840
240880
240920
240960
241000
241040
241080
241120
241160
241200
241240
241280
241320
241360
241400
241440
241480
241520
241560
241600
241640
241680
241720
241760
241800
241840
241880
241920
241960
242000
242040
242080
242120
242160
242200
242240
242280
242320
242360
242400
242440
242480
242520
242560
242600
242640
242680
242720
242760
242800
242840
242880
242920
242960
243000
243040
243080
243120
243160
243200
243240
243280
243320
243360
243400
243440
243480
243520
243560
243600
243640
243680
243720
243760
243800
243840
243880
243920
243960
244000
244040
244080
244120
244160
244200
244240
244280
244320
244360
244400
244440
244480
244520
244560
244600
244640
244680
244720
244760
244800
244840
244880
244920
244960
245000
245040
245080
245120
245160
245200
245240
245280
245320
245360
245400
245440
245480
245520
245560
245600
245640
245680
245720
245760
245800
245840
245880
245920
245960
246000
246040
246080
246120
246160
246200
246240
246280
246320
246360
246400
246440
246480
246520
246560
246600
246640
246680
246720
246760
246800
246840
246880
246920
246960
247000
247040
247080
247120
247160
247200
247240
247280
247320
247360
247400
247440
247480
247520
247560
247600
247640
247680
247720
247760
247800
247840
247880
247920
247960
248000
248040
248080
248120
248160
248200
248240
248280
248320
248360
248400
248440
248480
248520
248560
248600
248640
248680
248720
248760
248800
248840
248880
248920
248960
249000
249040
249080
249120
249160
249200
249240
249280
249320
249360
249400
249440
249480
249520
249560
249600
249640
249680
249720
249760
249800
249840
249880
249920
249960
250000
250040
250080
250120
250160
250200
250240
250280
250320
250360
250400
250440
250480
250520
250560
250600
250640
250680
250720
250760
250800
250840
250880
250920
250960
251000
251040
251080
251120
251160
251200
251240
251280
251320
251360
251400
251440
251480
251520
251560
251600
251640
251680
251720
251760
251800
251840
251880
251920
251960
252000
252040
252080
252120
252160
252200
252240
252280
252320
252360
252400
252440
252480
252520
252560
252600
252640
252680
252720
252760
252800
252840
252880
252920
252960
253000
253040
253080
253120
253160
253200
253240
253280
253320
253360
253400
253440
253480
253520
253560
253600
253640
253680
253720
253760
253800
253840
253880
253920
253960
254000
254040
254080
254120
254160
254200
254240
254280
254320
254360
254400
254440
254480
254520
254560
254600
254640
254680
254720
254760
254800
254840
254880
254920
254960
255000
255040
255080
255120
255160
255200
255240
255280
255320
255360
255400
255440
255480
255520
255560
255600
255640
255680
255720
255760
255800
255840
255880
255920
255960
256000
256040
256080
256120
256160
256200
256240
256280
256320
256360
256400
256440
256480
256520
256560
256600
256640
256680
256720
256760
256800
256840
256880
256920
256960
257000
257040
257080
257120
257160
257200
257240
257280
257320
257360
257400
257440
257480
257520
257560
257600
257640
257680
257720
257760
257800
257840
257880
257920
257960
258000
258040
258080
258120
258160
258200
258240
258280
258320
258360
258400
258440
258480
258520
258560
258600
258640
258680
258720
258760
258800
258840
258880
258920
258960
259000
259040
259080
259120
259160
259200
259240
259280
259320
259360
259400
259440
259480
259520
259560
259600
259640
259680
259720
259760
259800
259840
259880
259920
259960
260000
260040
260080
260120
260160
260200
260240
260280
260320
260360
260400
260440
260480
260520
260560
260600
260640
260680
260720
260760
260800
260840
260880
260920
260960
261000
261040
261080
261120
261160
261200
261240
261280
261320
261360
261400
261440
261480
261520
261560
261600
261640
261680
261720
261760
261800
261840
261880
261920
261960
262000
262040
262080
262120
262160
262200
262240
262280
262320
262360
262400
262440
262480
262520
262560
262600
262640
262680
262720
262760
262800
262840
262880
262920
262960
263000
263040
263080
263120
263160
263200
263240
263280
263320
263360
263400
263440
263480
263520
263560
263600
263640
263680
263720
263760
263800
263840
263880
263920
263960
264000
264040
264080
264120
264160
264200
264240
264280
264320
264360
264400
264440
264480
264520
264560
264600
264640
264680
264720
264760
264800
264840
264880
264920
264960
265000
265040
265080
265120
265160
265200
265240
265280
265320
265360
265400
265440
265480
265520
265560
265600
265640
265680
265720
265760
265800
265840
265880
265920
265960
266000
266040
266080
266120
266160
266200
266240
266280
266320
266360
266400
266440
266480
266520
266560
266600
266640
266680
266720
266760
266800
266840
266880
266920
266960
267000
267040
267080
267120
267160
267200
267240
267280
267320
267360
267400
267440
267480
267520
267560
267600
267640
267680
267720
267760
267800
267840
267880
267920
267960
268000
268040
268080
268120
268160
268200
268240
268280
268320
268360
268400
268440
268480
268520
268560
268600
268640
268680
268720
268760
268800
268840
268880
268920
268960
269000
269040
269080
269120
269160
269200
269240
269280
269320
269360
269400
269440
269480
269520
269560
269600
269640
269680
269720
269760
269800
269840
269880
269920
269960
270000
270040
270080
270120
270160
270200
270240
270280
270320
270360
270400
270440
270480
270520
270560
270600
270640
270680
270720
270760
270800
270840
270880
270920
270960
271000
271040
271080
271120
271160
271200
271240
271280
271320
271360
271400
271440
271480
271520
271560
271600
271640
271680
271720
271760
271800
271840
271880
271920
271960
272000
272040
272080
272120
272160
272200
272240
272280
272320
272360
272400
272440
272480
272520
272560
272600
272640
272680
272720
272760
272800
272840
272880
272920
272960
273000
273040
273080
273120
273160
273200
273240
273280
273320
273360
273400
273440
273480
273520
273560
273600
273640
273680
273720
273760
273800
273840
273880
273920
273960
274000
274040
274080
274120
274160
274200
274240
274280
274320
274360
274400
274440
274480
274520
274560
274600
274640
274680
274720
274760
274800
274840
274880
274920
274960
275000
275040
275080
275120
275160
275200
275240
275280
275320
275360
275400
275440
275480
275520
275560
275600
275640
275680
275720
275760
275800
275840
275880
275920
275960
276000
276040
276080
276120
276160
276200
276240
276280
276320
276360
276400
276440
276480
276520
276560
276600
276640
276680
276720
276760
276800
276840
276880
276920
276960
277000
277040
277080
277120
277160
277200
277240
277280
277320
277360
277400
277440
277480
277520
277560
277600
277640
277680
277720
277760
277800
277840
277880
277920
277960
278000
278040
278080
278120
278160
278200
278240
278280
278320
278360
278400
278440
278480
278520
278560
278600
278640
278680
278720
278760
278800
278840
278880
278920
278960
279000
279040
279080
279120
279160
279200
279240
279280
279320
279360
279400
279440
279480
279520
279560
279600
279640
279680
279720
279760
279800
279840
279880
279920
279960
280000
280040
280080
280120
280160
280200
280240
280280
280320
280360
280400
280440
280480
280520
280560
280600
280640
280680
280720
280760
280800
280840
280880
280920
280960
281000
281040
281080
281120
281160
281200
281240
281280
281320
281360
281400
281440
281480
281520
281560
281600
281640
281680
281720
281760
281800
281840
281880
281920
281960
282000
282040
282080
282120
282160
282200
282240
282280
282320
282360
282400
282440
282480
282520
282560
282600
282640
282680
282720
282760
282800
282840
282880
282920
282960
283000
283040
283080
283120
283160
283200
283240
283280
283320
283360
283400
283440
283480
283520
283560
283600
283640
283680
283720
283760
283800
283840
283880
283920
283960
284000
284040
284080
284120
284160
284200
284240
284280
284320
284360
284400
284440
284480
284520
284560
284600
284640
284680
284720
284760
284800
284840
284880
284920
284960
285000
285040
285080
285120
285160
285200
285240
285280
285320
285360
285400
285440
285480
285520
285560
285600
285640
285680
285720
285760
285800
285840
285880
285920
285960
286000
286040
286080
286120
286160
286200
286240
286280
286320
286360
286400
286440
286480
286520
286560
286600
286640
286680
286720
286760
286800
286840
286880
286920
286960
287000
287040
287080
287120
287160
287200
287240
287280
287320
287360
287400
287440
287480
287520
287560
287600
287640
287680
287720
287760
287800
287840
287880
287920
287960
288000
288040
288080
288120
288160
288200
288240
288280
288320
288360
288400
288440
288480
288520
288560
288600
288640
288680
288720
288760
288800
288840
288880
288920
288960
289000
289040
289080
289120
289160
289200
289240
289280
289320
289360
289400
289440
289480
289520
289560
289600
289640
289680
289720
289760
289800
289840
289880
289920
289960
290000
290040
290080
290120
290160
290200
290240
290280
290320
290360
290400
290440
290480
290520
290560
290600
290640
290680
290720
290760
290800
290840
290880
290920
290960
291000
291040
291080
291120
291160
291200
291240
291280
291320
291360
291400
291440
291480
291520
291560
291600
291640
291680
291720
291760
291800
291840
291880
291920
291960
292000
292040
292080
292120
292160
292200
292240
292280
292320
292360
292400
292440
292480
292520
292560
292600
292640
292680
292720
292760
292800
292840
292880
292920
292960
293000
293040
293080
293120
293160
293200
293240
293280
293320
293360
293400
293440
293480
293520
293560
293600
293640
293680
293720
293760
293800
293840
293880
293920
293960
294000
294040
294080
294120
294160
294200
294240
294280
294320
294360
294400
294440
294480
294520
294560
294600
294640
294680
294720
294760
294800
294840
294880
294920
294960
295000
295040
295080
295120
295160
295200
295240
295280
295320
295360
295400
295440
295480
295520
295560
295600
295640
295680
295720
295760
295800
295840
295880
295920
295960
296000
296040
296080
296120
296160
296200
296240
296280
296320
296360
296400
296440
296480
296520
296560
296600
296640
296680
296720
296760
296800
296840
296880
296920
296960
297000
297040
297080
297120
297160
297200
297240
297280
297320
297360
297400
297440
297480
297520
297560
297600
297640
297680
297720
297760
297800
297840
297880
297920
297960
298000
298040
298080
298120
298160
298200
298240
298280
298320
298360
298400
298440
298480
298520
298560
298600
298640
298680
298720
298760
298800
298840
298880
298920
298960
299000
299040
299080
299120
299160
299200
299240
299280
299320
299360
299400
299440
299480
299520
299560
299600
299640
299680
299720
299760
299800
299840
299880
299920
299960
300000
300040
300080
300120
300160
300200
300240
300280
300320
300360
300400
300440
300480
300520
300560
300600
300640
300680
300720
300760
300800
300840
300880
300920
300960
301000
301040
301080
301120
301160
301200
301240
301280
301320
301360
301400
301440
301480
301520
301560
301600
301640
301680
301720
301760
301800
301840
301880
301920
301960
302000
302040
302080
302120
302160
302200
302240
302280
302320
302360
302400
302440
302480
302520
302560
302600
302640
302680
302720
302760
302800
302840
302880
302920
302960
303000
303040
303080
303120
303160
303200
303240
303280
303320
303360
303400
303440
303480
303520
303560
303600
303640
303680
303720
303760
303800
303840
303880
303920
303960
304000
304040
304080
304120
304160
304200
304240
304280
304320
304360
304400
304440
304480
304520
304560
304600
304640
304680
304720
304760
304800
304840
304880
304920
304960
305000
305040
305080
305120
305160
305200
305240
305280
305320
305360
305400
305440
305480
305520
305560
305600
305640
305680
305720
305760
305800
305840
305880
305920
305960
306000
306040
306080
306120
306160
306200
306240
306280
306320
306360
306400
306440
306480
306520
306560
306600
306640
306680
306720
306760
306800
306840
306880
306920
306960
307000
307040
307080
307120
307160
307200
307240
307280
307320
307360
307400
307440
307480
307520
307560
307600
307640
307680
307720
307760
307800
307840
307880
307920
307960
308000
308040
308080
308120
308160
308200
308240
308280
308320
308360
308400
308440
308480
308520
308560
308600
308640
308680
308720
308760
308800
308840
308880
308920
308960
309000
309040
309080
309120
309160
309200
309240
309280
309320
309360
309400
309440
309480
309520
309560
309600
309640
309680
309720
309760
309800
309840
309880
309920
309960
310000
310040
310080
310120
310160
310200
310240
310280
310320
310360
310400
310440
310480
310520
310560
310600
310640
310680
310720
310760
310800
310840
310880
310920
310960
311000
311040
311080
311120
311160
311200
311240
311280
311320
311360
311400
311440
311480
311520
311560
311600
311640
311680
311720
311760
311800
311840
311880
311920
311960
312000
312040
312080
312120
312160
312200
312240
312280
312320
312360
312400
312440
312480
312520
312560
312600
312640
312680
312720
312760
312800
312840
312880
312920
312960
313000
313040
313080
313120
313160
313200
313240
313280
313320
313360
313400
313440
313480
313520
313560
313600
313640
313680
313720
313760
313800
313840
313880
313920
313960
314000
314040
314080
314120
314160
314200
314240
314280
314320
314360
314400
314440
314480
314520
314560
314600
314640
314680
314720
314760
314800
314840
314880
314920
314960
315000
315040
315080
315120
315160
315200
315240
315280
315320
315360
315400
315440
315480
315520
315560
315600
315640
315680
315720
315760
315800
315840
315880
315920
315960
316000
316040
316080
316120
316160
316200
316240
316280
316320
316360
316400
316440
316480
316520
316560
316600
316640
316680
316720
316760
316800
316840
316880
316920
316960
317000
317040
317080
317120
317160
317200
317240
317280
317320
317360
317400
317440
317480
317520
317560
317600
317640
317680
317720
317760
317800
317840
317880
317920
317960
318000
318040
318080
318120
318160
318200
318240
318280
318320
318360
318400
318440
318480
318520
318560
318600
318640
318680
318720
318760
318800
318840
318880
318920
318960
319000
319040
319080
319120
319160
319200
319240
319280
319320
319360
319400
319440
319480
319520
319560
319600
319640
319680
319720
319760
319800
319840
319880
319920
319960
320000
320040
320080
320120
320160
320200
320240
320280
320320
320360
320400
320440
320480
320520
320560
320600
320640
320680
320720
320760
320800
320840
320880
320920
320960
321000
321040
321080
321120
321160
321200
321240
321280
321320
321360
321400
321440
321480
321520
321560
321600
321640
321680
321720
321760
321800
321840
321880
321920
321960
322000
322040
322080
322120
322160
322200
322240
322280
322320
322360
322400
322440
322480
322520
322560
322600
322640
322680
322720
322760
322800
322840
322880
322920
322960
323000
323040
323080
323120
323160
323200
323240
323280
323320
323360
323400
323440
323480
323520
323560
323600
323640
323680
323720
323760
323800
323840
323880
323920
323960
324000
324040
324080
324120
324160
324200
324240
324280
324320
324360
324400
324440
324480
324520
324560
324600
324640
324680
324720
324760
324800
324840
324880
324920
324960
325000
325040
325080
325120
325160
325200
325240
325280
325320
325360
325400
325440
325480
325520
325560
325600
325640
325680
325720
325760
325800
325840
325880
325920
325960
326000
326040
326080
326120
326160
326200
326240
326280
326320
326360
326400
326440
326480
326520
326560
326600
326640
326680
326720
326760
326800
326840
326880
326920
326960
327000
327040
327080
327120
327160
327200
327240
327280
327320
327360
327400
327440
327480
327520
327560
327600
327640
327680
327720
327760
327800
327840
327880
327920
327960
328000
328040
328080
328120
328160
328200
328240
328280
328320
328360
328400
328440
328480
328520
328560
328600
328640
328680
328720
328760
328800
328840
328880
328920
328960
329000
329040
329080
329120
329160
329200
329240
329280
329320
329360
329400
329440
329480
329520
329560
329600
329640
329680
329720
329760
329800
329840
329880
